HT01 16 20 20 22 6595 18446 20 0.04 op 2
HT02 17 20 20 23 7901 22174 20 3.77 op 2
HT03 16 20 19 22 6819 19088 20 3.11 op 2
HT04 25 40 15 16 24216 69407 15 54.14 op 1
HT05 25 40 15 16 25007 71770 15 0.66 op
HT06 25 40 15 16 24873 71364 15 0.60 op
HT07 28 60 30 30 48163 139846 30 349.28 op 1
CGCUT01 16 10 23 25 6133 17120 23 0.03 op 2
GCUT01 10 250 655 1016 86456 245066 1016 22.20 op 9
CGCUT02 23 70 63 67 43705 126817 65 33.94 2
GCUT02 20 250 1208 1208 406627 1194304 1208 1.70 op 1
GCUT03 30 250 1803 1803 1450947 4295710 1803 1.36 op 1
NGCUT03 21 10 28 32 13349 37831 28 0.34 op 3
NGCUT01 10 10 19 23 1830 4970 23 0.11 op 2
NGCUT02 17 10 28 30 7504 21154 30 1.13 op 1
NGCUT03 21 10 28 32 13349 37831 28 0.36 op 3
NGCUT04 7 10 17 20 517 1304 17 0.02 op 2
NGCUT05 14 10 36 36 4729 13116 36 0.01 op 1
NGCUT06 15 10 29 31 5742 16088 31 3.15 op 1
NGCUT07 8 20 20 20 1359 3684 20 0.01 op 1
NGCUT08 13 20 32 38 5284 14694 33 0.17 op 3
NGCUT09 18 20 50 50 13790 39349 50 4.03 op 1
NGCUT10 13 30 58 80 9120 25593 80 0.48 op 5
NGCUT11 15 30 50 57 10072 28486 52 0.63 op 3
BENG01 20 25 30 33 15015 42722 30 0.38 op 2
BENG02 40 25 57 58 101225 295248 57 49.9280 op 1
BENG03 60 25 84 85 326513 961104 84 2932.9910 op 1
BENG04 80 25 107 109 736166 2176186 108 37.43 2
BENG05 100 25 134 134 1401850 4155644 134 24837.1563 op 1
BENG06 40 40 36 37 91460 266193 36 0.2110 op 1
BENG07 80 40 67 69 575716 1696836 68 12.75 2
BENG08 120 40 101 103 1787368 5295342 102 136.39 2
BENG09 160 40 126 134 3992471 11857979 130 697.15 2
BENG03 60 25 84 85 326513 961104 85 3174.64 1
BENG03 60 25 84 85 326513 961104 84 3550.09 op 1
BENG05 100 25 134 134 1401850 4155644 134 15881.12 op 1
BENG09 160 40 126 134 3992471 11857979 127 4588.37 3
